"","Cont-1.tabular","Cont-2.tabular","Cont-3.tabular","PER-2h-A.tabular","PER-2h-B.tabular","PER-2h-C.tabular","PER-6h-A.tabular","PER-6h-B.tabular","PER-6h-C.tabular","PER-24h-A.tabular","PER-24h-B.tabular","PER-24h-C.tabular","cluster"
"dv.102439",-0.830440922694891,-3.07005918364638,0.617082788490188,-0.675284527580967,1.52298620160801,-0.162854128678395,0.340103458364955,-0.144242817602311,-0.402775115314735,1.70249690315043,0.940897995772966,0.162089348131126,7
"dv.119549",-0.60302268409933,-2.51587727820526,-0.856871976628732,0.67982933936164,0.153986103975291,-0.0500530154009136,0.189371357305124,0.342869140500228,0.512536333490478,0.34574875619951,0.793356891213383,1.00812703228858,7
"dv.130383",-1.67439434039226,-1.67439434039226,-1.67439434039226,2.94443614385815,-1.67439434039226,-1.67439434039226,1.81749527053027,2.2376519699471,1.63543405140283,-1.67439434039226,-1.67439434039226,3.08574294700747,7
"dv.132466",0.388171631832399,-4.21788711103844,2.7487957745513,0.452597499241088,-0.292028387280325,0.327406106925003,-0.256643133950493,-1.41378660346582,0.20808953037483,0.23229382856947,0.983629561643352,0.83936130259764,7
"dv.133062",-3.05304282896956,-5.24231577223219,0.460235456689401,0.532213338647536,0.7235246387603,0.421941483024658,0.344467903132689,0.797168613510176,0.506144140258324,1.38388185355883,1.47052615844218,1.65525501517766,7
"dv.13772",-1.35577546139579,-1.81635181426706,-1.43664107988941,0.918715477932993,1.24333481377659,0.636560457696488,1.05917205436584,0.501850023685357,0.821686142078526,-0.514949084572189,-0.0117186103826725,-0.0458829190286654,7
"dv.138128",-1.35394349650055,-1.35394349650055,-1.35394349650055,1.11165164652927,0.875112261139961,1.06866801686705,-0.64585664774659,0.0698570458179866,-0.205293587396939,0.0187738322742179,-0.274066941442403,2.0429848634591,7
"dv.142950",-1.02461154124763,-2.4642066245182,-2.4642066245182,1.22604946439241,-1.05256902086394,0.0700284320055387,1.1049611695887,1.27850685248954,0.57589233013132,0.659369157746112,0.488135668521691,1.60265073627264,7
"dv.147244",-5.10533216266002,-5.10533216266002,1.93398041755054,0.113085702047161,1.02750398922053,0.431711389906952,0.421162425490263,0.709023978784086,1.03696242455073,1.40518408056096,1.5707164305461,1.56133348666272,7
"dv.17475",-1.43709305093737,-1.73103725665763,-2.16651833448333,1.07951032298461,1.35625799470483,0.771385225852448,0.914917312933074,0.59755518338828,0.43903277714452,-0.152944492329752,-0.0317639381707977,0.360698255571107,7
"dv.21571",0.194207231652662,-3.65530402666918,-0.827359094602348,0.373196830577225,-0.229688489454944,-0.59137912800038,1.17254687596809,0.908045445680939,0.0709023986535815,-1.13774549255419,2.99540960981151,0.727167838937039,7
"dv.35710",-2.20712745981071,-2.20712745981071,-0.16988913760721,0.593250745042556,-0.364563592151518,0.890760809499331,1.4495521228148,0.83062092250787,1.4685233016865,0.360774786088502,-0.284772711840055,-0.360002326419361,7
"dv.62664",-1.73788595491912,-0.997761331728619,-1.73788595491912,0.502902446706325,0.422592733161285,0.769294130401891,-0.210896961000561,0.662409959754362,0.524571215882456,0.499415478302052,0.562915357330218,0.740328881028833,7
"dv.8401",-2.46351781515832,-2.46351781515832,-2.46351781515832,1.47646262829733,1.55787378527702,1.34727751561316,0.24049538708583,-0.714468819385892,1.03022846465366,0.287115108159822,-0.255509798301375,2.42107917407541,7
"dv.94578",-0.715273572107594,-1.08803649289724,0.181168718423184,1.96337806372509,-2.03820750097009,-1.31632181855978,0.850575112586268,0.578642969126251,0.0355956131029256,0.915711475923775,-1.02501145714815,1.65777888879536,7
