"","Cont-1.tabular","Cont-2.tabular","Cont-3.tabular","PER-2h-A.tabular","PER-2h-B.tabular","PER-2h-C.tabular","PER-6h-A.tabular","PER-6h-B.tabular","PER-6h-C.tabular","PER-24h-A.tabular","PER-24h-B.tabular","PER-24h-C.tabular","cluster"
"dv.10136",-0.425320610053959,-2.17949392622681,-0.864956841204541,0.145200623423079,0.706461216983323,-0.44058615414866,0.600721943848221,0.070773444061464,0.0328698678470971,1.58403973820633,0.342336540344238,0.42795415692021,3
"dv.10361",0.868411125792591,-3.18575307491892,-3.18575307491892,0.165508517229379,0.407918403070644,0.453381951707441,0.55337228450404,0.636425874651587,0.21901586044471,1.18482276021605,0.607309590274808,1.2753397819466,3
"dv.10587",-0.577321072098878,-0.972219977355928,-3.04536716473846,0.0536154402268902,1.00016629417392,0.0494538947145093,0.466905297930494,0.035159988404752,0.387325107652491,1.70401491947819,0.513228835618987,0.385038435993026,3
"dv.110334",-0.195365780181434,-0.631159658426966,-3.31312678315652,0.362693182683159,1.1501288798869,-3.31312678315652,1.10431049106026,0.788958919415268,-0.0280636923931068,-0.0946237244635029,2.04807910580296,2.1212958429295,3
"dv.129777",2.42739655283689,-3.45837050778756,-0.937453436158328,-0.0534377900924907,2.0690631124106,-0.635392040245664,0.358695020055761,-1.70932151201513,-0.224180205190423,2.12761936062868,-0.0507713715143536,0.08615281707202,3
"dv.130558",-2.55450428685864,-0.307034830154178,-2.55450428685864,-0.585007681731165,1.41033619368034,0.155436148459653,1.24986313253547,0.150733488145314,-0.652733209331809,1.12924717487625,1.49972934156912,1.0584388156683,3
"dv.132672",1.73075514083682,-1.91846778584189,-0.756175001654213,1.16073886057327,1.08329963554813,-1.00256566438524,-1.73207581797239,-0.445359892260785,-0.561823249936879,1.46458122513481,0.00133011072911149,0.975762439229247,3
"dv.134479",1.62965282976808,-1.23253087583643,-5.12443697984211,0.911220338242901,0.973894721141193,0.61221668220445,-0.0455998270672575,1.57510486812659,0.874471523878174,-0.700303934204637,-0.102544462289228,0.628855115878282,3
"dv.136554",-0.521635510369915,-3.09493182255589,-2.91642917741717,-1.6970161431271,-0.0492616746975365,-0.2574590419154,2.18617685988904,1.52229268836072,1.10545658242833,1.93247570888481,1.06989473817326,0.720436792346849,3
"dv.144764",-1.92643977121602,-0.752649480616769,-4.90769645587507,0.186638556945866,1.39007460209528,0.583202934070318,2.00019210163473,0.513362206912364,0.813605975850002,1.77441067052418,0.443166163122708,-0.117867503447584,3
"dv.157996",-1.67312219489268,-0.808164445031498,-2.02140706166161,-0.600248886165183,1.70866559160329,-1.07038986529452,-0.414966868465818,0.408951676069043,0.158418759739584,2.53567614377203,1.75622296917942,0.0203641811479525,3
"dv.23625",0.465597098315969,1.07320584002233,-3.18714475159224,-0.94635634996679,-0.287607989059876,-0.408278341611582,0.455317977542058,0.0507720046083149,0.349082702297864,0.930476624390092,0.797204414803587,0.70773077025027,3
"dv.43919",2.2562337336645,-2.16420990479388,-1.27577126378003,-0.0519763797982904,0.362951388104207,0.968887324643235,-1.30117929683582,0.278167251546472,-0.409800673260357,0.302256700580489,0.824733737322868,0.209707382606604,3
"dv.44182",0.520238933374933,-2.17553635894696,-2.17553635894696,0.389786148654593,0.841334355943234,0.187593852623006,0.0687904378288886,-0.959126027026592,0.491747709384681,1.36941149054466,0.866572911146253,0.574722905420264,3
"dv.62928",0.0942839200763546,-1.93111498048419,-1.93111498048419,0.38889191784765,0.840275059401125,0.432015231085778,0.00539177777325062,0.0143641458270833,0.696708781373531,0.48163200254314,0.639378279119294,0.269288845921169,3
"dv.68914",0.280386919957665,-0.944137592265073,-2.67189497430576,-0.241244581231846,0.818352004464382,0.193834947123826,0.238774728494111,0.656362252659807,0.107399354222414,0.848542924066919,0.594731417088446,0.118892599725116,3
"dv.95414",0.0142150688323195,-1.79451299070893,-0.516293813727104,0.103091073157478,1.11781851358538,0.00932748849851617,0.578720056778018,-0.119657462451776,-0.28249374275839,0.940502484999873,-0.106538887831342,0.0558222116259595,3
